0 0.17345900585223714 0.20485678704856788 0.15619531332665904 0.24034869240348697
0 0.42748191015717213 0.12453300124533001 0.15783947451957125 0.22665006226650064
0 0.2577222669889874 0.6469489414694894 0.15372907153729076 0.23785803237858033
0 0.3867889206325951 0.4968866749688668 0.17839148943097372 0.2415940224159403
0 0.2807405236897582 0.36176836861768374 0.13564329841525652 0.2104607721046077
0 0.08138597904915391 0.5005811498886622 0.16277195809830783 0.2763802325295036
1 0.549971919029131 0.49688667496886674 0.15783947451957125 0.2166874221668742
0 0.6284806159906886 0.727895392278954 0.1570173939231151 0.24533001245330013
0 0.9283039907536282 0.22229140722291404 0.1433920184927436 0.2378580323785803
0 0.7102776353380704 0.3935242839352428 0.19401102076363963 0.2440846824408468
0 0.7891973725978562 0.7963885429638853 0.15783947451957134 0.2254047322540474
1 0.21127471328921776 0.8599003735990037 0.14961866855501024 0.16562889165628888
