1 0.5470162951025158 0.5087173100871731 0.15652699435938758 0.2254047322540474
0 0.17888799355358578 0.20672478206724784 0.14741695765064014 0.2191780821917808
0 0.42941400304414 0.11706102117061022 0.14990151311666217 0.23163138231631383
0 0.07743531202435312 0.491863839801489 0.15487062404870625 0.236529672130998
0 0.07163801593696839 0.7913657077965078 0.14327603187393678 0.2626816023925174
0 0.25797967588862025 0.6313823163138231 0.14990151311666217 0.22665006226650064
0 0.3863483749664249 0.4844333748443337 0.16812158653415696 0.25404732254047324
0 0.2832393231265109 0.36924034869240346 0.14079147640791478 0.2328767123287671
0 0.792573193661026 0.7826899128268991 0.1540424388933654 0.23038605230386053
0 0.6211388665055062 0.7210460772104608 0.16398066075745368 0.20423412204234112
0 0.7329438624764972 0.5778331257783313 0.17060614200017896 0.20423412204234126
0 0.7130674187483211 0.3717310087173101 0.19048258572835536 0.21544209215442087
0 0.9327267436655027 0.21606475716064757 0.13454651266899462 0.2602739726027397
0 0.8128637299668725 0.10273972602739725 0.13499418032053015 0.14072229140722292
0 0.8141060076998835 0.2665006226650062 0.15901154982540958 0.20423412204234123
0 0.7064419375055957 0.1382316313823163 0.16066792013609088 0.21170610211706106
0 0.921960336646074 0.7036114570361146 0.15607932670785218 0.24906600249066002
