0 0.5255292652552928 0.5510585305105854 0.16106268161062678 0.202988792029888
1 0.24533001245330013 0.13138231631382316 0.19012038190120378 0.24533001245330013
1 0.2523868825238688 0.4713574097135741 0.1892901618929016 0.2503113325031133
1 0.3412204234122042 0.7559153175591531 0.19925280199252796 0.298879202988792
1 0.14736405147364054 0.7789539227895392 0.18347862183478622 0.27272727272727265
1 0.7820672414865965 0.8773349937733499 0.1843088291749365 0.24533001245330013
1 0.8567870485678705 0.4713574097135741 0.17268576172685754 0.2702366127023661
1 0.6122872561228726 0.16002490660024907 0.18679950186799502 0.23536737235367372
1 0.43254462432544627 0.31444582814445826 0.17268576172685762 0.22291407222914067
1 0.0730593607305936 0.14379410132079165 0.1461187214611872 0.24524698221817112
1 0.07762557077625569 0.38663345374918523 0.15525114155251138 0.26517226241742387
1 0.7069323370693233 0.3966376089663761 0.1569115815691157 0.2528019925280198
1 0.7708592777085929 0.6768368617683685 0.19178082191780832 0.2353673723536737
1 0.5624740492906646 0.9277708592777085 0.16189288895077694 0.1444582814445829
