0 0.43035919224476843 0.12141967621419676 0.15537323273020298 0.23536737235367372
0 0.1812687715185701 0.20672478206724784 0.15372907153729073 0.22665006226650064
0 0.27539699981279353 0.3760896637608966 0.14304202378336137 0.2266500622665006
0 0.07152101189168071 0.5093399750933998 0.13810954020462482 0.23910336239103358
0 0.8081052263163465 0.7951432129514322 0.1446861849762736 0.2278953922789539
0 0.2552560251996191 0.6432129514321295 0.1586615551160274 0.26525529265255293
0 0.38144539675563044 0.5062266500622665 0.16112779690539564 0.27770859277708587
0 0.8163260322809074 0.2889165628891657 0.14139786259044912 0.25902864259028646
0 0.9258377489642597 0.23038605230386053 0.1483245020714803 0.2465753424657534
0 0.6198487697278995 0.724159402241594 0.1792135700274298 0.26525529265255293
0 0.4505001668579429 0.7110834371108343 0.14633034616918594 0.22166874221668742
1 0.5450394354503943 0.5161892901618929 0.15783947451957125 0.22291407222914067
